# First two digits are the puzzle width, then each square is 0 for non-puzzle, or digit for solution.
# https://www.kakuros.com/
04 3100 8200 0698 0071
04 4900 2681 1894 0072
04 9350 8230 0429 0217
04 0048 8429 9217 7100
06 790079 879012 001328 587900 690821 260073
07 9700879 8908957 6859700 0610260 0046132 8931014 3120021
07 0079000 6125400 9400970 0003840 0192000 0250012 0067849 0009500
07 6100420 9700780 0210094 0672053 6907910 2300730 0810078 0530049
07 0560000 0245000 3908500 7890980 0420859 0031042 0002470 0000690
07 6800056 9402571 0571300 0097000 0006300 0053870 7694051 9300063
12 021081000000 173892000518 340970610829 032051932700 019002801400 054000003900 007300000340 008101700290 006284970180 895092082061 971000791852 000000960970


